414
423
426
426
428
427
429
440
458
477
485
497
526
555
579
605
628
663
655
651
639
648
688
725
759
763
766
771
774
787
800
814
833
876
892
918
925
966
982
968
954
948
967
981
1000
1021
1021
1019
1016
1023
1019
1016
1024
1033
1056
1105
1153
1207
1234
1261
1268
1273
1285
1292
1308
1317
1330
1334
1350
1365
1388
1393
1382
1379
1399
1435
1457
1462
1472
1483
1495
1504
1510
1517
1533
1558
1585
1602
1605
1604
1605
1611
1619
1625
1631
1635
1638
1658
1678
1710
1731
1761
1783
1799
1818
1840
1863
1874
1892
1912
1940
1956
1970
1974
1978
1997
2019
2040
2035
2037
2041
2057
2069
2087
2103
2115
2145
2175
2210
2222
2234
2249
2275
2301
2351
2386
2432
2446
2463
2481
2496
2509
2506
2513
2520
2546
2559
2577
2580
2598
2634
2675
2710
2721
2727
2730
2742
2754
2771
2780
2801
2822
2843
2847
2851
2863
2881
2895
2902
2912
2921
2930
2941
2974
3012
3047
3060
3090
3142
3195
3248
3276
3337
3380
3428
3440
3446
3447
3453
3471
3490
3511
3522
3534
3550
3566
3580
3585
3594
3603
3595
3588
3581
3591
3606
3622
3645
3659
3673
3684
3692
3709
3722
3740
3748
3756
3759
3788
3827
3866
3881
3895
3922
3938
3945
3943
3950
3959
3964
3969
3991
4013
4037
4047
4059
4067
4072
4075
4081
4085
4089
4093
4114
4138
4161
4165
4167
4169
4193
4218
4243
4246
4245
4253
4267
4283
4312
4342
4382
4401
4433
4457
4484
4490
4494
4486
4485
4484
4489
4516
4546
4582
4584
4612
4639
4690
4721
4755
4788
4812
4831
4841
4876
4914
4952
4984
5039
5088
5120
5128
5144
5172
5232
5293
5351
5374
5398
5409
5420
5421
5443
5465
5492
5501
5517
5530
5540
5549
5563
5576
5583
5583
5586
5593
5613
5642
5678
5672
5655
5628
5659
5706
5765
5790
5806
5818
5836
5851
5858
5865
5870
5871
5875
5883
5891
5898
5919
5939
5959
5962
5969
5990
6012
6039
6052
6081
6105
6140
6157
6171
6178
6190
6207
6220
6230
6198
6165
6127
6131
6140
6150
6159
6161
6167
6177
6190
6199
6213
6231
6249
6261
6268
6291
6310
6327
6337
6342
6353
6359
6370
6360
6348
6349
6365
6391
6406
6432
6452
6481
6489
6493
6486
6489
6492
6504
6536
6576
6611
6624
6629
6637
6662
6706
6743
6775
6788
6802
6806
6813
6820
6813
6803
6793
6797
6797
6798
6807
6826
6843
6854
6869
6884
6906
6918
6940
6953
6966
6973
6981
6991
6999
7035
7069
7101
7100
7104
7108
7116
7116
7119
7122
7124
7128
7132
7141
7154
7168
7184
7212
7245
7285
7304
7317
7320
7333
7346
7383
7413
7444
7461
7489
7519
7540
7561
7583
7630
7663
7686
7708
7743
7792
7820
7832
7843
7863
7896
7922
7935
7940
7927
7930
7937
7956
7970
7992
8025
8044
8050
8051
8055
8058
8081
8104
8135
8147
8159
8168
8181
8211
8224
8233
8231
8239
8247
8278
8287
8299
8279
8293
8289
8306
8316
8343
8353
8384
8424
8467
8493
8508
8530
8549
8571
8584
8574
8558
8540
8541
8544
8549
8555
8565
8581
8597
8610
8615
8627
8644
8661
8672
8673
8674
8676
8687
8703
8719
8730
8743
8753
8766
8770
8791
8818
8855
8878
8890
8907
8923
8951
8983
9007
9034
9037
9047
9047
9056
9065
9073
9088
9102
9116
9122
9131
9155
9187
9223
9250
9268
9302
9328
9354
9362
9370
9381
9401
9412
9431
9439
9456
9462
9489
9517
9545
9547
9565
9584
9616
9613
9618
9589
9595
9596
9620
9625
9648
9672
9698
9709
9731
9753
9768
9771
9780
9791
9823
9849
9878
9899
9909
9921
9924
9940
9950
9956
9976
10004
10046
10085
10128
10170
10206
10233
10247
10256
10264
10282
10299
10313
10330
10359
10404
10436
10455
10486
10517
10552
10564
10582
10612
10646
10684
10706
10719
10743
10782
10803
10823
10828
10852
10856
10863
10878
10915
10954
10991
11020
11044
11067
11085
11093
11096
11090
11094
11097
11100
11103
11107
11111
11116
11128
11140
11165
11196
11227
11240
11239
11239
11250
11261
11277
11286
11295
11299
11318
11359
11401
11422
11426
11428
11436
11453
11481
11515
11535
11546
11549
11552
11556
11567
11578
11590
11593
11602
11614
11634
11648
11656
11660
11703
11764
11825
11847
11859
11869
11884
11897
11908
11914
11913
11917
11915
11940
11964
12009
12028
12047
12059
12082
12108
12134
12148
12156
12158
12163
12178
12191
12206
12217
12234
12233
12234
12233
12255
12278
12302
12323
12360
12394
12422
12450
12486
12527
12555
12570
12584
12593
12605
12616
12628
12641
12658
12674
12709
12736
12765
12807
12860
12907
12927
12937
12947
12958
12968
12985
13004
13026
13036
13040
13042
13056
13091
13125
13157
13157
13151
13135
13129
13149
13174
13228
13262
13296
13297
13308
13316
13326
13326
13324
13323
13324
13330
13335
13340
13347
13359
13373
13390
13404
13416
13425
13444
13473
13502
13520
13526
13530
13534
13549
13570
13590
13606
13626
13644
13655
13676
13719
13764
13792
13800
13820
13840
13860
13864
13844
13826
13811
13817
13824
13809
13806
13803
13827
13836
13849
13859
13888
13904
13920
13937
13974
14011
14032
14058
14081
14103
14106
14111
14121
14117
14112
14104
14111
14117
14127
14138
14152
14160
14174
14188
14214
14232
14250
14259
14289
14319
14350
14361
14369
14375
14398
14421
14442
14430
14419
14410
14416
14450
14482
14517
14524
14540
14553
14568
14570
14562
14552
14546
14551
14568
14586
14614
14650
14683
14708
14715
14735
14752
14782
14781
14781
14780
14804
14829
14839
14855
14869
14892
14918
14949
14974
14992
15003
15015
15013
15014
15027
15048
15053
15044
15035
15045
15066
15099
15128
15141
15141
15165
15197
15230
15239
15228
15245
15267
15309
15326
15344
15361
15374
15381
15384
15407
15433
15435
15398
15359
15344
15349
15368
15387
15421
15445
15470
15489
15519
15554
15579
15589
15596
15604
15611
15618
15639
15666
15692
15709
15720
15729
15721
15732
15743
15781
15800
15827
15843
15881
15911
15925
15918
15913
15927
15942
15957
15964
15969
15973
15977
15990
16006
16025
16041
16062
16092
16117
16157
16186
16214
16213
16220
16238
16264
16282
16289
16296
16302
16310
16319
16329
16337
16349
16373
16400
16444
16487
16528
16533
16528
16522
16528
16532
16543
16555
16569
16581
16592
16630
16666
16711
16745
16776
16797
16807
16817
16853
16893
16939
16970
16990
17009
17020
17031
17049
17064
17079
17083
17101
17110
17125
17131
17144
17166
17183
17202
17205
17211
17233
17259
17307
17347
17383
17404
17421
17438
17455
17468
17482
17465
17453
17441
17450
17454
17457
17461
17473
17490
17506
17519
17532
17540
17547
17562
17586
17617
17637
17655
17665
17681
17699
17715
17724
17729
17730
17735
17736
17741
17758
17780
17806
17823
17840
17852
17857
17869
17879
17886
17885
17887
17892
17899
17944
17991
18037
18052
18082
18108
18131
18145
18165
18180
18184
18193
18205
18219
18233
18272
18335
18390
18423
18433
18451
18496
18541
18578
18587
18613
18645
18673
18684
18693
18701
18712
18742
18773
18800
18805
18809
18814
18819
18822
18824
18838
18854
18873
18887
18903
18920
18929
18936
18944
18952
18971
18996
19015
19033
19044
19062
19071
19078
19065
19051
19051
19079
19110
19137
19158
19177
19186
19194
19219
19243
19267
19280
19303
19324
19355
19382
19423
19457
19490
19487
19485
19491
19517
19522
19514
19517
19558
19608
19656
19689
19721
19753
19790
19818
19839
19846
19851
19851
19847
19846
19859
19878
19899
19912
19920
19944
19967
19989
19996
20010
20035
20075
20108
20130
20133
20136
20146
20156
20186
20205
20212
20200
20188
20188
20191
20202
20221
20238
20251
20256
20264
20250
20236
20238
20265
20290
20301
20309
20343
20392
20447
20478
20488
20497
20511
20524
20532
20538
20545
20554
20560
20565
20574
20579
20597
20615
20648
20670
20690
20696
20706
20720
20741
20765
20792
20816
20842
20877
20913
20939
20946
20957
20965
20987
21014
21058
21088
21111
21119
21126
21151
21178
21197
21197
21210
21235
21281
21330
21375
21402
21411
21424
21431
21439
21440
21441
21444
21450
21445
21420
21395
21376
21370
21374
21383
21399
21407
21415
21423
21432
21445
21455
21465
21486
21520
21552
21569
21593
21619
21643
21649
21670
21696
21720
21730
21740
21763
21805
21849
21882
21895
21923
21949
21980
21978
21974
21969
21974
21982
22003
22036
22069
22082
22102
22121
22140
22148
22159
22182
22203
22229
22243
22264
22277
22310
22337
22367
22382
22396
22423
22471
22521
22556
22565
22564
22588
22622
22670
22696
22712
22711
22706
22701
22706
22718
22698
22678
22651
22658
22666
22682
22697
22711
22719
22717
22715
22709
22714
22729
22748
22765
22768
22765
22762
22761
22767
22791
22829
22864
22886
22892
22898
22899
22908
22920
22930
22955
22972
22986
22982
22983
22994
23004
23006
23011
22999
23002
23001
23035
23079
23121
23164
23190
23215
23219
23237
23261
23321
23367
23407
23420
23463
23544
23619
23662
23663
23663
23665
23673
23679
23707
23732
23778
23802
23826
23837
23848
23859
23864
23869
23874
23877
23886
23895
23905
23925
23945
23965
23969
23974
23984
23995
23992
23991
23991
24002
24006
24013
24035
24069
24100
24118
24126
24149
24169
24189
24193
24204
24230
24260
24304
24330
24351
24337
24324
24311
24351
24388
24432
24458
24493
24522
24537
24547
24588
24626
24666
24686
24709
24729
24758
24807
24860
24902
24921
24936
24941
24939
24945
24951
24963
24984
25005
25052
25113
25177
25215
25221
25224
25229
25237
25247
25255
25258
25257
25252
25253
25256
25283
25309
25337
25347
25349
25358
25365
25385
25412
25441
25475
25494
25511
25515
25521
25542
25577
25641
25690
25725
25697
25679
25668
25688
25698
25716
25746
25785
25818
25834
25835
25827
25826
25831
25865
25901
25940
25951
25975
26010
26039
26054
26056
26076
26095
26111
26121
26133
26147
26154
26161
26170
26179
26184
26203
26226
26247
26258
26222
26191
26154
26160
26188
26216
26261
26286
26330
26360
26383
26391
26405
26421
26443
26456
26469
26477
26514
26551
26588
26605
26622
26640
26657
26674
26692
26712
26733
26749
26775
26827
26877
26921
26935
26950
26949
26949
26953
26959
26970
26976
26988
27003
27035
27063
27092
27104
27114
27127
27142
27158
27164
27170
27191
27210
27232
27248
27273
27293
27324
27348
27394
27414
27436
27469
27507
27552
27572
27592
27603
27613
27636
27662
27681
27691
27698
27706
27713
27738
27762
27783
27794
27805
27814
27818
27835
27854
27899
27932
27998
28049
28099
28116
28119
28133
28147
28161
28189
28211
28243
28251
28272
28294
28315
28330
28337
28361
28388
28412
28432
28449
28469
28480
28492
28501
28510
28527
28546
28561
28566
28548
28535
28557
28600
28653
28654
28639
28612
28624
28652
28678
28680
28682
28683
28684
28693
28695
28696
28689
28693
28700
28714
28752
28790
28821
28817
28816
28816
28836
28853
28875
28905
28935
28955
28954
28974
28999
29024
29029
29038
29047
29059
29070
29091
29126
29181
29237
29281
29301
29311
29312
29348
29404
29471
29501
29517
29525
29538
29569
29621
29673
29714
29740
29783
29812
29841
29858
29886
29911
29937
29950
29962
29967
29974
29979
30006
30036
30063
30059
30052
30048
30051
30061
30071
30090
30103
30116
30120
30123
30123
30123
30125
30140
30165
30180
30185
30182
30185
30180
30179
30185
30206
30230
30263
30291
30312
30311
30323
30336
30357
30369
30385
30403
30429
30459
30487
30503
30508
30513
30522
30533
30545
30555
30564
30584
30602
30625
30634
30641
30647
30656
30667
30670
30668
30681
30698
30721
30730
30731
30761
30795
30836
30849
30879
30910
30942
30950
30961
30974
30993
30989
30980
30965
30973
30987
31003
31027
31057
31085
31108
31127
31146
31159
31163
31164
31164
31167
31179
31195
31208
31217
31230
31238
31246
31246
31260
31276
31293
31299
31312
31324
31339
31343
31347
31350
31353
31348
31343
31344
31351
31366
31375
31386
31395
31406
31430
31451
31492
31522
31549
31557
31568
31590
31609
31624
31645
31668
31698
31681
31667
31646
31664
31681
31697
31702
31698
31689
31688
31696
31710
31721
31728
31735
31754
31779
31773
31752
31719
31716
31720
31730
31740
31761
31784
31818
31835
31850
31872
31894
31917
31922
31935
31982
32036
32086
32104
32096
32083
32071
32072
32087
32114
32147
32168
32174
32189
32203
32223
32236
32248
32256
32262
32264
